id;name;district_id
1;Fiji;1
2;Account Silver up;2
3;Hampshire Market EXE;3
4;1080p Michigan;4
5;Table Cotton online;5
6;and Account Officer;6
7;e-commerce Arkansas;7
8;Administrator parse;8
9;Extended Kansas;9
10;Bhutan;10
